1 1449843930880042 AAPL 115.17 115.18
1 1449843930880187 GOOG 742.47 744
1 1449843930880304 MSFT 54.8 54.89
1 1449843930880420 VOD 31.84 31.86
1 1449843930880535 AMZN 655.2 655.94
1 1449843930880650 CSCO 26.53 26.6
1 1449843930880764 FB 104.46 104.54
1 1449843930880878 CMCSA 58.91 59.25
1 1449843930881026 QCOM 48.08 48.2
1 1449843930881143 INTC 34.46 34.52
1 1449843930881257 GILD 101.65 101.85
1 1449843930881370 AMGN 156.29 159.54
1 1449843930881485 PYPL 35.57 35.6
1 1449843930881600 EBAY 28.3 28.36
1 1449843930881714 CELG 110.75 111.8
1 1449843930881829 BIIB 287 289.99
1 1449843930881954 SBUX 61.04 61.36
1 1449843930882069 MDLZ 43.19 43.75
1 1449843930882184 BIDU 197.11 198.38
1 1449843930882300 PCLN 1293 1306.45
1 1449843930882415 COST 160 160.9
1 1449843930882529 ESRX 84.36 86.4
1 1449843930882645 FOXA 27.51 28.19
1 1449843930882759 ERIC 9.1 9.11
1 1449843930882872 TXN 55.9 56.83
1 1449843930882995 ASML 87.81 87.86
1 1449843930883110 ATML 8.4 8.47
1 1449843930883221 FWM 8.4 8.47
1 1449843930883331 QQQ 8.4 8.47
1 1449843930883440 VIAB 8.4 8.47
1 1449843930883548 ADP 8.4 8.47
1 1449843930883655 YHOO 8.4 8.47
1 1449843930883763 DTV 8.4 8.47
1 1449843930883871 LBTYA 8.4 8.47
1 1449843930883989 KRFT 8.4 8.47
1 1449843930884099 REGN 8.4 8.47
1 1449843930884208 WPPGY 8.4 8.47
1 1449843930884316 ADBE 8.4 8.47
1 1449843930884423 CME 8.4 8.47
1 1449843930884531 CTSH 8.4 8.47
1 1449843930884639 SIRI 8.4 8.47
1 1449843930884747 FTR 8.4 8.47
1 1449843930884855 TSLA 8.4 8.47
1 1449843930884974 ALXN 8.4 8.47
1 1449843930885084 ARMH 8.4 8.47
1 1449843930885193 SHPG 8.4 8.47
1 1449843930885302 WFM 8.4 8.47
1 1449843930885410 AMAT 8.4 8.47
1 1449843930885518 CMCSK 8.4 8.47
1 1449843930885627 DISCA 8.4 8.47
1 1449843930885734 DISH 8.4 8.47
1 1449843930885842 PCAR 8.4 8.47
1 1449843930886241 TROW 8.4 8.47
1 1449843930886303 ATVI 8.4 8.47
1 1449843930886362 INTU 8.4 8.47
3 1449843930886410 AAPL
1 1449843930886421 NFLX 8.4 8.47
1 1449843930886480 VIP 8.4 8.47
1 1449843930886539 MU 8.4 8.47
1 1449843930886598 CERN 8.4 8.47
1 1449843930886657 LMCA 8.4 8.47
1 1449843930886716 VRTX 8.4 8.47
1 1449843930886774 MPEL 8.4 8.47
1 1449843930886833 SYMC 8.4 8.47
1 1449843930886897 BBBY 8.4 8.47
1 1449843930886956 WYNN 8.4 8.47
2 1449843930886968 AAPL
1 1449843930887015 ROST 8.4 8.47
1 1449843930887074 STX 8.4 8.47
1 1449843930887133 FITB 8.4 8.47
1 1449843930887192 WDC 8.4 8.47
1 1449843930887251 BRCM 8.4 8.47
1 1449843932374737 GOOG 743 743.5
1 1449843932374868 VOD 31.84 31.86
1 1449843934298840 FB 104.5 104.54
1 1449843934299027 ERIC 9.09 9.11
1 1449843934299148 ASML 87.8 87.84
1 1449843938229444 VOD 31.84 31.86
1 1449843938229590 EBAY 28.27 28.36
1 1449843940164223 AAPL 115.15 115.18
1 1449843940164390 ERIC 9.09 9.11
1 1449843940164509 ASML 87.81 87.85
1 1449843942334263 CMCSA 58.91 59.25
1 1449843942334392 GILD 101.6 101.85
1 1449843944248342 VOD 31.84 31.86
1 1449843944248506 ASML 87.8 87.83
1 1449843946250376 AAPL 115.14 115.15
1 1449843946250541 ERIC 9.09 9.11
1 1449843948398542 FB 104.5 104.55
1 1449843950373624 GOOG 743.03 743.5
1 1449843950373753 MSFT 54.8 54.87
1 1449843950373870 VOD 31.84 31.86
1 1449843950374058 ERIC 9.09 9.11
1 1449843950374174 ASML 87.76 87.81
1 1449843952235945 AAPL 115.14 115.18
1 1449843952236077 VOD 31.84 31.86
1 1449843953275744 ERIC 9.09 9.11
1 1449843953275872 ASML 87.75 87.81
1 1449843956333079 AAPL 115.13 115.18
1 1449843956333210 GOOG 743.03 744
1 1449843959340851 FB 104.5 104.54
1 1449843961150997 VOD 31.84 31.86
1 1449843961151143 BIIB 287 290.57
1 1449843961151272 ERIC 9.09 9.11
1 1449843961151388 ASML 87.78 87.81
1 1449843965239155 FB 104.46 104.5
1 1449843965239315 ERIC 9.09 9.11
1 1449843965239432 ASML 87.78 87.82
1 1449843969297757 BIIB 287 290.56
1 1449843971228978 GOOG 743 743.8
1 1449843971229122 FB 104.46 104.5
1 1449843973142430 ERIC 9.09 9.11
1 1449843973142560 ASML 87.78 87.82
1 1449843975272778 GOOG 743.11 744
1 1449843975272930 VOD 31.84 31.86
1 1449843975273048 AMZN 655.2 655.92
1 1449843977207226 ERIC 9.09 9.11
1 1449843977207351 ASML 87.75 87.8
1 1449843981319787 BIIB 287 290.57
1 1449843983274928 ERIC 9.09 9.11
1 1449843983275057 ASML 87.77 87.8
1 1449843985178173 GOOG 743 743.5
1 1449843985178315 VOD 31.83 31.85
1 1449843985178456 BIDU 197.11 198.38
1 1449843987345048 ERIC 9.09 9.11
1 1449843991194103 ASML 87.78 87.81
1 1449843993350336 GOOG 743.05 743.5
1 1449843993350462 MSFT 54.8 54.87
1 1449843993350613 ERIC 9.09 9.11
1 1449843999146861 AAPL 115.14 115.17
1 1449843999147026 GOOG 743 744
1 1449843999147150 FB 104.46 104.5
1 1449843999147294 ERIC 9.09 9.11
1 1449844001311263 AMGN 156.29 159.53
1 1449844001311394 BIIB 287 290.56
1 1449844003243597 AAPL 115.13 115.17
1 1449844003243742 QCOM 48.1 48.2
1 1449844003243882 ERIC 9.09 9.11
1 1449844005181914 GOOG 743 743.5
1 1449844009268025 MSFT 54.8 54.87
1 1449844009268164 VOD 31.83 31.85
1 1449844009268313 ERIC 9.09 9.11
1 1449844009268429 ASML 87.76 87.81
1 1449844013334464 ASML 87.75 87.81
1 1449844015241385 GOOG 743 744
1 1449844015241517 VOD 31.83 31.85
1 1449844015241646 AMGN 156.29 159.52
1 1449844017172315 ERIC 9.09 9.11
1 1449844019310719 ASML 87.75 87.8
1 1449844021240385 BIDU 196.88 197
1 1449844021240517 ERIC 9.09 9.11
1 1449844023381986 AAPL 115.13 115.17
1 1449844023382118 VOD 31.84 31.86
1 1449844025338586 AMGN 156.29 159.51
1 1449844025338738 ASML 87.76 87.79
1 1449844027265479 FB 104.46 104.5
1 1449844027265631 ERIC 9.09 9.11
1 1449844029178733 VOD 31.84 31.86
1 1449844029178929 ASML 87.77 87.81
1 1449844031344732 INTC 34.45 34.52
1 1449844042697482 VOD 31.84 31.86
1 1449844042697628 PYPL 35.57 35.57
1 1449844042697762 ERIC 9.08 9.11
1 1449844042697878 ASML 87.76 87.8
1 1449844043411167 AAPL 115.13 115.17
1 1449844043411296 VOD 31.84 31.86
1 1449844043411426 PYPL 35.55 35.6
1 1449844043411545 BIIB 286.29 290.56
1 1449844043411672 ERIC 9.08 9.11
1 1449844044120295 FB 104.41 104.45
1 1449844044120455 ASML 87.77 87.8
1 1449844045336470 ERIC 9.08 9.11
1 1449844047254290 VOD 31.84 31.86
1 1449844047254452 ASML 87.81 87.84
1 1449844049177271 FB 104.43 104.48
1 1449844051345314 VOD 31.84 31.86
1 1449844051345476 ERIC 9.09 9.11
1 1449844051345593 ASML 87.71 87.79
1 1449844053282680 AAPL 115.14 115.17
1 1449844053282810 MSFT 54.8 54.82
1 1449844053282962 FB 104.43 104.49
1 1449844053283110 TXN 55.9 56.82
1 1449844057170821 VOD 31.84 31.86
1 1449844057171017 ERIC 9.08 9.1
1 1449844057171135 ASML 87.7 87.76
1 1449844061321667 MSFT 54.8 54.82
1 1449844061321798 VOD 31.83 31.85
1 1449844061321996 ASML 87.7 87.73
1 1449844065281831 MSFT 54.8 54.82
1 1449844065282299 ERIC 9.08 9.1
1 1449844067165362 VOD 31.83 31.85
1 1449844067165499 FB 104.43 104.48
1 1449844067165645 ASML 87.67 87.69
1 1449844069352590 AAPL 115.14 115.17
1 1449844069352760 ERIC 9.08 9.1
1 1449844071290692 GILD 101.72 101.98
